0.01897531027639574874 0.37074903421769195289 0.60855119392740719686 0.00172446157850514098 
0.04998645226063924696 0.84198318574367780887 0.05635983582070915737 0.05167052617497381456 
0.43666991165374985373 0.30310139027244675791 0.00000000100000000000 0.26022869707380330562 
0.03040934880526247053 0.07525239674943132173 0.89432737523386152123 0.00001087921144475715 
0.99999999700000008485 0.00000000099999999986 0.00000000099999999986 0.00000000099999999986 
0.00000000099999999994 0.00000000099999999994 0.00000000099999999994 0.99999999699999997382 
0.16256449528485630851 0.70079401133893237663 0.00000000099999999999 0.13664149237621150967 
0.00100870050903236331 0.17649132480323034833 0.81749566774259940782 0.00500430694513779965 
0.00000080976513094584 0.35291160416287958856 0.63512543316078673428 0.01196215291120275755 
0.00000000099999999996 0.00000000099999999996 0.00000000099999999996 0.99999999700000008485 
0.15050943970008803796 0.09790255944216505468 0.64280506570100504060 0.10878293515674182512 
0.00000000099999999996 0.99999999700000008485 0.00000000099999999996 0.00000000099999999996 
0.00000000099999999997 0.99999999699999997382 0.00000000099999999997 0.00000000099999999997 
0.00000000099999999996 0.00000000099999999996 0.00000000099999999996 0.99999999699999997382 
0.45019018622744966240 0.29413171406880050940 0.03690690173202043622 0.21877119797172928095 
0.00000000099999999995 0.00000000099999999995 0.00000000099999999995 0.99999999699999997382 
0.00000000099999999996 0.00000000099999999996 0.00000000099999999996 0.99999999700000008485 
0.00037016122569739457 0.14503681995595174570 0.85014096910491099290 0.00445204971343988141 
0.00000000099999999995 0.00000000099999999995 0.00000000099999999995 0.99999999699999997382 
0.17842320713595544168 0.66251096312692259183 0.05262556300483772070 0.10644026673228428048 
0.24251756861278256361 0.63458347234987999563 0.00000000099999999999 0.12289895803733738577 
0.00054352827819404066 0.13693022367487880930 0.86252620290845594120 0.00000004513847129962 
0.24169532604620294625 0.61116113111337377894 0.02978299251824880964 0.11736055032217442007 
0.28750687398030588815 0.59044720816579765454 0.00000009838046221766 0.12204581947343412507 
0.00000000099999999993 0.00000000099999999993 0.00000000099999999993 0.99999999699999997382 
0.00000000099999999995 0.00000000099999999995 0.00000000099999999995 0.99999999700000008485 
0.01312088765349781264 0.04174270023832839932 0.94513641110817381286 0.00000000100000000000 
0.01616889488510194969 0.17061277835092714117 0.79988404414974645373 0.01333428261422445887 
0.02049232437941757648 0.19759390865388862246 0.77082085542491585173 0.01109291154177788688 
0.00000000099999999999 0.24903360429573254131 0.74736975962645346705 0.00359663507781401602 
0.00004010087659839823 0.33466497029246866646 0.66438878191234185255 0.00090614691859105059 
0.00000000099999999996 0.00000000099999999996 0.00000000099999999996 0.99999999699999997382 
0.00000000099999999996 0.00000000099999999996 0.00000000099999999996 0.99999999699999997382 
0.00000000099999999995 0.00000000099999999995 0.00000000099999999995 0.99999999699999997382 
0.00000000099999999995 0.00000000099999999995 0.00000000099999999995 0.99999999699999997382 
0.99999999700000008485 0.00000000099999999996 0.00000000099999999996 0.00000000099999999996 
0.42410563849253518631 0.33660245259955484665 0.03814941660444472887 0.20114249230346512021 
0.47190499634225224757 0.26011260047319351152 0.01144745431616958804 0.25653494886838462685 
0.00000000100000000000 0.08585278016623990038 0.91414596321038898985 0.00000125562337116024 
0.24589260650145011722 0.60706129796351138150 0.00000000100000000000 0.14704609453503852956 
0.00000000099999999996 0.00000000099999999996 0.00000000099999999996 0.99999999699999997382 
0.00313827708306838385 0.29043468371918268467 0.70008745125018345679 0.00633958794756551806 
0.99999999700000008485 0.00000000099999999991 0.00000000099999999991 0.00000000099999999991 
0.00000000099999999995 0.00000000099999999995 0.00000000099999999995 0.99999999700000008485 
0.00000000099999999996 0.00000000099999999996 0.00000000099999999996 0.99999999700000008485 
0.01443946360199735435 0.22108530376808732676 0.76048088081014664219 0.00399435181976871834 
0.02059299049466340598 0.08639821197276068010 0.89300879653257592139 0.00000000099999999999 
0.00000000099999999994 0.00000000099999999994 0.00000000099999999994 0.99999999700000008485 
0.99999999699999997382 0.00000000099999999975 0.00000000099999999975 0.00000000099999999975 
0.02148722748607050093 0.15816415940594577560 0.82031724360214042235 0.00003136950584329719 
0.00021266000583328800 0.12754041645315630782 0.87224692254101021671 0.00000000100000000000 
0.19575686212516182905 0.72869716590785893473 0.00000110392105447622 0.07554486804592473737 
0.00000000099999999996 0.00000000099999999996 0.00000000099999999996 0.99999999699999997382 
0.00000000099999999996 0.00000000099999999996 0.00000000099999999996 0.99999999699999997382 
0.00002510833266946492 0.27431953459784474969 0.72565535606948572411 0.00000000100000000000 
0.00000000099999999994 0.00000000099999999994 0.00000000099999999994 0.99999999700000008485 
0.40076755076604758665 0.44981531929579715579 0.00000000099999999999 0.14941712893815534136 
0.00040019306008436204 0.10854385207077932307 0.89105595386913627465 0.00000000100000000000 
0.37866534125103357145 0.44788254742931199459 0.00000000099999999999 0.17345211031965449000 
0.00000000099999999993 0.00000000099999999993 0.00000000099999999993 0.99999999699999997382 
0.00000250121296376385 0.99999749390377690172 0.00000000099999999998 0.00000000388325919811 
0.00005213512051421682 0.99994786287948567161 0.00000000099999999998 0.00000000099999999998 
0.00000000099999999998 0.99999999700000008485 0.00000000099999999998 0.00000000099999999998 
0.00000000099999999998 0.99999999699999997382 0.00000000099999999998 0.00000000099999999998 
0.00000000099999999998 0.99999999699999997382 0.00000000099999999998 0.00000000099999999998 
0.00090721064672358558 0.99909278735327644583 0.00000000099999999998 0.00000000099999999998 
0.00000000099999999998 0.99999999699999997382 0.00000000099999999998 0.00000000099999999998 
0.00002269209337571117 0.99997730590662436967 0.00000000099999999998 0.00000000099999999998 
0.00000000099999999997 0.99999999700000008485 0.00000000099999999997 0.00000000099999999997 
0.00000001208820116630 0.99999998591179872776 0.00000000099999999999 0.00000000099999999999 
0.00000000099999999998 0.99999937128614657667 0.00000000099999999998 0.00000062671385339440 
0.00000000602043683422 0.99999999197956312980 0.00000000099999999999 0.00000000099999999999 
0.00000000099999999998 0.99999999699999997382 0.00000000099999999998 0.00000000099999999998 
0.00000000099999999998 0.99999999700000008485 0.00000000099999999998 0.00000000099999999998 
0.00000005934264961525 0.99999993865735048448 0.00000000099999999998 0.00000000099999999998 
0.00000000099999999999 0.99999999089596858237 0.00000000099999999999 0.00000000710403146526 
0.00000001913562510565 0.99999997886437497208 0.00000000099999999998 0.00000000099999999998 
0.00000000099999999999 0.99921673135282507161 0.00000000099999999999 0.00078326664717489063 
0.00000009629720483601 0.98051797364139947621 0.00000000099999999999 0.01948192906139571343 
0.00000000099999999998 0.99999999699999997382 0.00000000099999999998 0.00000000099999999998 
0.00000000099999999995 0.00000000099999999995 0.99999999699999997382 0.00000000099999999995 
0.00000000099999999997 0.00000000099999999997 0.99999999699999997382 0.00000000099999999997 
0.00000000099999999997 0.00000000099999999997 0.99999999699999986280 0.00000000099999999997 
0.00000000099999999998 0.00000000099999999998 0.99999999699999986280 0.00000000099999999998 
0.00000000099999999997 0.00000000099999999997 0.99999999699999997382 0.00000000099999999997 
0.00000000099999999997 0.00000000099999999997 0.99999999699999986280 0.00000000099999999997 
0.00000000099999999996 0.00000000099999999996 0.99999999699999997382 0.00000000099999999996 
0.00000000099999999999 0.00000000099999999999 0.99999999699999997382 0.00000000099999999999 
0.00000000099999999996 0.00000000099999999996 0.99999999699999986280 0.00000000099999999996 
0.00000000099999999996 0.00000000099999999996 0.99999999699999986280 0.00000000099999999996 
0.00000000099999999996 0.00000000099999999996 0.99999999699999997382 0.00000000099999999996 
0.00000000099999999996 0.00000000099999999996 0.99999999699999997382 0.00000000099999999996 
0.00000000099999999998 0.00000000099999999998 0.99999999699999986280 0.00000000099999999998 
0.00000000099999999997 0.00000000099999999997 0.99999999699999997382 0.00000000099999999997 
0.00000000099999999996 0.00000000099999999996 0.99999999699999997382 0.00000000099999999996 
0.00000000099999999996 0.00000000099999999996 0.99999999699999986280 0.00000000099999999996 
0.00000000099999999996 0.00000000099999999996 0.99999999699999986280 0.00000000099999999996 
0.00000000099999999996 0.00000000099999999996 0.99999999699999997382 0.00000000099999999996 
0.00000000099999999995 0.00000000099999999995 0.99999999699999986280 0.00000000099999999995 
0.00000000099999999997 0.00000000099999999997 0.99999999699999986280 0.00000000099999999997 
